0 83 MilwaukeeMSA2 ZIP
53013 53004       0.0747601838
53075 53021       0.0683607096
53040 53090       0.0667211155
53021 53080       0.0886597734
53021 53075       0.0683607096
53091 53002       0.0785495567
53002 53091       0.0785495567
53004 53074       0.0784459179
53004 53013       0.0747601838
53090 53095       0.0679922082
53090 53040       0.0667211155
53074 53004       0.0784459179
53080 53024       0.0962087003
53080 53021       0.0886597734
53027 53086       0.0979325562
53095 53037       0.0744409804
53095 53090       0.0679922082
53086 53033        0.084310913
53086 53027       0.0979325562
53086 53076       0.0887393103
53024 53080       0.0962087003
53012 53097       0.0798578305
53037 53022       0.0967922376
53037 53076       0.0641430075
53037 53095       0.0744409804
53076 53017       0.0797855383
53076 53022       0.0972244177
53076 53033       0.0609379215
53076 53086       0.0887393103
53076 53037       0.0641430075
53097 53223       0.0836079065
53097 53224       0.0898976762
53097 53092       0.0588316868
53097 53012       0.0798578305
53022 53224       0.0988900559
53022 53051       0.0838858188
53022 53046       0.0923578926
53022 53076       0.0972244177
53022 53037       0.0967922376
53033 53089       0.0936667879
53033 53017       0.0339098581
53033 53086        0.084310913
53033 53076       0.0609379215
53066 53058       0.0845025443
53066 53069       0.0583254289
53066 53036        0.102357466
53092 53209       0.0928583807
53092 53217       0.0724449145
53092 53223       0.0684839709
53092 53097       0.0588316868
53036 53066        0.102357466
53017 53089       0.0599197579
53017 53033       0.0339098581
53017 53076       0.0797855383
53029 53072        0.100067165
53029 53058       0.0701552731
53029 53069       0.0908694921
53089 53072       0.0736290796
53089 53046       0.0737552974
53089 53017       0.0599197579
53089 53033       0.0936667879
53223 53210       0.0965416361
53223 53216       0.0785650499
53223 53222       0.0926631588
53223 53225       0.0705723446
53223 53218       0.0480445612
53223 53209       0.0579154749
53223 53217       0.0751439983
53223 53224       0.0493839744
53223 53092       0.0684839709
53223 53097       0.0836079065
53223 53007       0.0971898498
53209 53205       0.0756666764
53209 53206       0.0540726592
53209 53211       0.0765132321
53209 53212       0.0646965351
53209 53202       0.0953131753
53209 53233       0.0919765393
53209 53203       0.0945867053
53209 53208       0.0858936323
53209 53210        0.065383434
53209 53216       0.0519983309
53209 53213       0.0964508736
53209 53222        0.100768925
53209 53225       0.0970731921
53209 53218       0.0474286373
53209 53217       0.0420578955
53209 53223       0.0579154749
53209 53224        0.101208923
53209 53092       0.0928583807
53217 53206       0.0847755979
53217 53211       0.0822596944
53217 53212       0.0833316347
53217 53216       0.0938697256
53217 53218       0.0863081006
53217 53209       0.0420578955
53217 53223       0.0751439983
53217 53092       0.0724449145
53051 53045       0.0927582337
53051 53005       0.0889060796
53051 53225       0.0874935487
53051 53224       0.0829282951
53051 53007        0.064777247
53051 53046       0.0384946903
53051 53022       0.0838858188
53224 53216       0.0995557269
53224 53222       0.0808725727
53224 53225       0.0485475099
53224 53218        0.068237721
53224 53209        0.101208923
53224 53223       0.0493839744
53224 53097       0.0898976762
53224 53007       0.0624000367
53224 53051       0.0829282951
53224 53022       0.0988900559
53046 53045       0.0933075771
53046 53007       0.0997903823
53046 53051       0.0384946903
53046 53089       0.0737552974
53046 53022       0.0923578926
53058 53018       0.0601686861
53058 53069       0.0263179213
53058 53029       0.0701552731
53058 53066       0.0845025443
53225 53122       0.0797869056
53225 53005       0.0772230731
53225 53214       0.0962912809
53225 53210       0.0821479999
53225 53216       0.0706217222
53225 53213        0.076421923
53225 53226       0.0635522261
53225 53222       0.0327889061
53225 53218       0.0503394453
53225 53209       0.0970731921
53225 53223       0.0705723446
53225 53224       0.0485475099
53225 53007       0.0301276954
53225 53051       0.0874935487
53218 53205       0.0848461777
53218 53206       0.0703116911
53218 53212       0.0924953055
53218 53233       0.0979112831
53218 53208       0.0754932893
53218 53214       0.0980620103
53218 53210       0.0501807816
53218 53216       0.0326150198
53218 53213       0.0670077493
53218 53226       0.0821964465
53218 53222       0.0552377543
53218 53225       0.0503394453
53218 53209       0.0474286373
53218 53217       0.0863081006
53218 53223       0.0480445612
53218 53224        0.068237721
53218 53007       0.0801988362
53069 53018       0.0744061219
53069 53058       0.0263179213
53069 53029       0.0908694921
53069 53066       0.0583254289
53072 53188       0.0649824585
53072 53186       0.0871175797
53072 53089       0.0736290796
53072 53029        0.100067165
53007 53045       0.0934935334
53007 53122       0.0620360094
53007 53005       0.0536538179
53007 53216       0.0969843193
53007 53213       0.0914982359
53007 53226        0.064771691
53007 53222       0.0445516653
53007 53225       0.0301276954
53007 53218       0.0801988362
53007 53223       0.0971898498
53007 53224       0.0624000367
53007 53051        0.064777247
53007 53046       0.0997903823
53045 53146       0.0887472234
53045 53151        0.101839313
53045 53186       0.0664332349
53045 53122       0.0658393452
53045 53005       0.0524054345
53045 53007       0.0934935334
53045 53051       0.0927582337
53045 53046       0.0933075771
53005 53151        0.089280163
53005 53045       0.0524054345
53005 53122       0.0188420905
53005 53227       0.0878554566
53005 53214       0.0914493503
53005 53213       0.0984982292
53005 53226       0.0583650997
53005 53222       0.0666470897
53005 53225       0.0772230731
53005 53007       0.0536538179
53005 53051       0.0889060796
53211 53205       0.0576823367
53211 53206       0.0502397732
53211 53212       0.0251177361
53211 53202       0.0389725916
53211 53233        0.067000415
53211 53203       0.0542456197
53211 53204       0.0769571042
53211 53208       0.0901662171
53211 53210        0.090263109
53211 53216        0.092801744
53211 53209       0.0765132321
53211 53217       0.0822596944
53212 53205       0.0338059181
53212 53206       0.0256611002
53212 53211       0.0251177361
53212 53202       0.0313542364
53212 53233       0.0458138408
53212 53203       0.0376785964
53212 53204        0.059955622
53212 53215        0.085488919
53212 53208       0.0653981517
53212 53210       0.0654847388
53212 53216       0.0695689509
53212 53213       0.0968049285
53212 53218       0.0924953055
53212 53209       0.0646965351
53212 53217       0.0833316347
53216 53205       0.0542924065
53216 53206       0.0444363444
53216 53211        0.092801744
53216 53212       0.0695689509
53216 53202       0.0892633131
53216 53233       0.0660288969
53216 53203       0.0778775364
53216 53204       0.0850308631
53216 53215       0.0928050167
53216 53219       0.0919364679
53216 53208       0.0432787549
53216 53214       0.0769757832
53216 53210       0.0179775151
53216 53213        0.044492586
53216 53226       0.0741986208
53216 53222       0.0586652995
53216 53225       0.0706217222
53216 53218       0.0326150198
53216 53209       0.0519983309
53216 53217       0.0938697256
53216 53223       0.0785650499
53216 53224       0.0995557269
53216 53007       0.0969843193
53222 53122       0.0614276416
53222 53005       0.0666470897
53222 53206         0.10174877
53222 53227       0.0870140039
53222 53219       0.0965049302
53222 53208       0.0789595527
53222 53214       0.0635859902
53222 53210       0.0634315187
53222 53216       0.0586652995
53222 53213       0.0471591495
53222 53226       0.0320657241
53222 53225       0.0327889061
53222 53218       0.0552377543
53222 53209        0.100768925
53222 53223       0.0926631588
53222 53224       0.0808725727
53222 53007       0.0445516653
53018 53183        0.045388877
53018 53058       0.0601686861
53018 53069       0.0744061219
53206 53205       0.0219732384
53206 53211       0.0502397732
53206 53212       0.0256611002
53206 53202       0.0468676511
53206 53233       0.0383663843
53206 53203       0.0411805643
53206 53204         0.05765394
53206 53215       0.0774891672
53206 53219        0.098618961
53206 53208       0.0443961727
53206 53214       0.0997008368
53206 53210       0.0400264998
53206 53216       0.0444363444
53206 53213       0.0723993407
53206 53222         0.10174877
53206 53218       0.0703116911
53206 53209       0.0540726592
53206 53217       0.0847755979
53186 53189       0.0988373485
53186 53188       0.0881444302
53186 53146       0.0671670636
53186 53072       0.0871175797
53186 53045       0.0664332349
53210 53205       0.0424309816
53210 53206       0.0400264998
53210 53211        0.090263109
53210 53212       0.0654847388
53210 53202       0.0793903655
53210 53233       0.0512836121
53210 53203       0.0652885614
53210 53204        0.069203083
53210 53215       0.0750411164
53210 53227        0.100773248
53210 53219       0.0754133711
53210 53208       0.0253550374
53210 53214       0.0650364769
53210 53216       0.0179775151
53210 53213        0.034174873
53210 53226       0.0708963316
53210 53222       0.0634315187
53210 53225       0.0821479999
53210 53218       0.0501807816
53210 53209        0.065383434
53210 53223       0.0965416361
53226 53151       0.0959376126
53226 53122       0.0448263288
53226 53005       0.0583650997
53226 53228       0.0842204122
53226 53220       0.0994772607
53226 53227       0.0553401298
53226 53219       0.0740614303
53226 53208       0.0762409394
53226 53214       0.0383705488
53226 53210       0.0708963316
53226 53216       0.0741986208
53226 53213       0.0404758646
53226 53222       0.0320657241
53226 53225       0.0635522261
53226 53218       0.0821964465
53226 53007        0.064771691
53188 53189       0.0705172506
53188 53183        0.087126388
53188 53186       0.0881444302
53188 53072       0.0649824585
53213 53122       0.0852207882
53213 53005       0.0984982292
53213 53205       0.0677128852
53213 53206       0.0723993407
53213 53212       0.0968049285
53213 53233       0.0693870323
53213 53203       0.0865581986
53213 53204       0.0814507087
53213 53215       0.0747959142
53213 53228       0.0927375017
53213 53220       0.0849128372
53213 53227       0.0677325263
53213 53219       0.0543494891
53213 53208       0.0358602148
53213 53214        0.032526832
53213 53210        0.034174873
53213 53216        0.044492586
53213 53226       0.0404758646
53213 53222       0.0471591495
53213 53225        0.076421923
53213 53218       0.0670077493
53213 53209       0.0964508736
53213 53007       0.0914982359
53208 53221       0.0925531651
53208 53205       0.0332279056
53208 53206       0.0443961727
53208 53211       0.0901662171
53208 53212       0.0653981517
53208 53202       0.0685855589
53208 53233       0.0336062753
53208 53203       0.0506993276
53208 53204       0.0476873279
53208 53215       0.0497813765
53208 53207       0.0964169642
53208 53220       0.0834973045
53208 53227       0.0909178378
53208 53219       0.0554206117
53208 53214       0.0567154471
53208 53210       0.0253550374
53208 53216       0.0432787549
53208 53213       0.0358602148
53208 53226       0.0762409394
53208 53222       0.0789595527
53208 53218       0.0754932893
53208 53209       0.0858936323
53205 53221       0.0989221121
53205 53235        0.101696007
53205 53206       0.0219732384
53205 53211       0.0576823367
53205 53212       0.0338059181
53205 53202       0.0372586601
53205 53233       0.0164009132
53205 53203       0.0235921812
53205 53204       0.0359919116
53205 53215       0.0559142372
53205 53207       0.0866315024
53205 53219       0.0819467237
53205 53208       0.0332279056
53205 53214       0.0896726768
53205 53210       0.0424309816
53205 53216       0.0542924065
53205 53213       0.0677128852
53205 53218       0.0848461777
53205 53209       0.0756666764
53122 53151       0.0760130644
53122 53045       0.0658393452
53122 53005       0.0188420905
53122 53228       0.0926685464
53122 53227       0.0690168644
53122 53214       0.0743007564
53122 53213       0.0852207882
53122 53226       0.0448263288
53122 53222       0.0614276416
53122 53225       0.0797869056
53122 53007       0.0620360094
53202 53221        0.101984038
53202 53235       0.0782600539
53202 53205       0.0372586601
53202 53206       0.0468676511
53202 53211       0.0389725916
53202 53212       0.0313542364
53202 53233         0.03695549
53202 53203       0.0197452399
53202 53204       0.0400631711
53202 53215       0.0679540256
53202 53207       0.0729609877
53202 53208       0.0685855589
53202 53210       0.0793903655
53202 53216       0.0892633131
53202 53209       0.0953131753
53233 53221       0.0827019077
53233 53235       0.0885583921
53233 53205       0.0164009132
53233 53206       0.0383663843
53233 53211        0.067000415
53233 53212       0.0458138408
53233 53202         0.03695549
53233 53203       0.0176542329
53233 53204       0.0200359024
53233 53215       0.0403188108
53233 53207       0.0714136495
53233 53220       0.0924679464
53233 53219        0.071951719
53233 53208       0.0336062753
53233 53214       0.0858229176
53233 53210       0.0512836121
53233 53216       0.0660288969
53233 53213       0.0693870323
53233 53218       0.0979112831
53233 53209       0.0919765393
53203 53221       0.0879964651
53203 53235       0.0790734956
53203 53205       0.0235921812
53203 53206       0.0411805643
53203 53211       0.0542456197
53203 53212       0.0376785964
53203 53202       0.0197452399
53203 53233       0.0176542329
53203 53204       0.0228574287
53203 53215       0.0501011883
53203 53207       0.0668818351
53203 53219       0.0876671646
53203 53208       0.0506993276
53203 53210       0.0652885614
53203 53216       0.0778775364
53203 53213       0.0865581986
53203 53209       0.0945867053
53214 53151       0.0940121806
53214 53122       0.0743007564
53214 53005       0.0914493503
53214 53221        0.099537952
53214 53205       0.0896726768
53214 53206       0.0997008368
53214 53233       0.0858229176
53214 53204        0.091362595
53214 53215       0.0746156326
53214 53130       0.0860211663
53214 53129       0.0848584384
53214 53228       0.0602761064
53214 53220       0.0618520725
53214 53227       0.0357421261
53214 53219       0.0357792475
53214 53208       0.0567154471
53214 53210       0.0650364769
53214 53216       0.0769757832
53214 53213        0.032526832
53214 53226       0.0383705488
53214 53222       0.0635859902
53214 53225       0.0962912809
53214 53218       0.0980620103
53204 53110       0.0949373424
53204 53221       0.0655516902
53204 53235       0.0703536834
53204 53205       0.0359919116
53204 53206         0.05765394
53204 53211       0.0769571042
53204 53212        0.059955622
53204 53202       0.0400631711
53204 53233       0.0200359024
53204 53203       0.0228574287
53204 53215       0.0278908547
53204 53207       0.0515411624
53204 53220       0.0840336564
53204 53219       0.0696835899
53204 53208       0.0476873279
53204 53214        0.091362595
53204 53210        0.069203083
53204 53216       0.0850308631
53204 53213       0.0814507087
53215 53110       0.0977589778
53215 53221        0.044076815
53215 53235       0.0776291364
53215 53205       0.0559142372
53215 53206       0.0774891672
53215 53212        0.085488919
53215 53202       0.0679540256
53215 53233       0.0403188108
53215 53203       0.0501011883
53215 53204       0.0278908547
53215 53207       0.0519110865
53215 53129       0.0813144278
53215 53228         0.10205047
53215 53220       0.0562828633
53215 53227       0.0961135167
53215 53219       0.0459999563
53215 53208       0.0497813765
53215 53214       0.0746156326
53215 53210       0.0750411164
53215 53216       0.0928050167
53215 53213       0.0747959142
53207 53172       0.0723578719
53207 53154       0.0925533861
53207 53110       0.0459405133
53207 53221       0.0457713532
53207 53235        0.027574588
53207 53205       0.0866315024
53207 53202       0.0729609877
53207 53233       0.0714136495
53207 53203       0.0668818351
53207 53204       0.0515411624
53207 53215       0.0519110865
53207 53220       0.0904583618
53207 53219       0.0937723918
53207 53208       0.0964169642
53183 53153       0.0670074851
53183 53018        0.045388877
53183 53188        0.087126388
53118 53119       0.0849113625
53118 53153       0.0959330325
53146 53150       0.0956174892
53146 53151       0.0600654177
53146 53186       0.0671670636
53146 53045       0.0887472234
53151 53150       0.0949378921
53151 53146       0.0600654177
53151 53045        0.101839313
53151 53122       0.0760130644
53151 53005        0.089280163
53151 53130       0.0591739243
53151 53228       0.0557288394
53151 53227       0.0602971472
53151 53214       0.0940121806
53151 53226       0.0959376126
53219 53221       0.0638485017
53219 53205       0.0819467237
53219 53206        0.098618961
53219 53233        0.071951719
53219 53203       0.0876671646
53219 53204       0.0696835899
53219 53215       0.0459999563
53219 53207       0.0937723918
53219 53130       0.0788190089
53219 53129       0.0583637251
53219 53228       0.0587266422
53219 53220       0.0307623258
53219 53227       0.0501529521
53219 53208       0.0554206117
53219 53214       0.0357792475
53219 53210       0.0754133711
53219 53216       0.0919364679
53219 53213       0.0543494891
53219 53226       0.0740614303
53219 53222       0.0965049302
53227 53151       0.0602971472
53227 53122       0.0690168644
53227 53005       0.0878554566
53227 53215       0.0961135167
53227 53130       0.0548047545
53227 53129       0.0711604229
53227 53228       0.0288832076
53227 53220       0.0593587824
53227 53219       0.0501529521
53227 53208       0.0909178378
53227 53214       0.0357421261
53227 53210        0.100773248
53227 53213       0.0677325263
53227 53226       0.0553401298
53227 53222       0.0870140039
53189 53103       0.0990092429
53189 53149        0.100078302
53189 53188       0.0705172506
53189 53186       0.0988373485
53235 53172       0.0601961242
53235 53154       0.0944949839
53235 53110        0.026478543
53235 53221        0.071431064
53235 53205        0.101696007
53235 53202       0.0782600539
53235 53233       0.0885583921
53235 53203       0.0790734956
53235 53204       0.0703536834
53235 53215       0.0776291364
53235 53207        0.027574588
53220 53221       0.0491827164
53220 53233       0.0924679464
53220 53204       0.0840336564
53220 53215       0.0562828633
53220 53207       0.0904583618
53220 53132       0.0814981986
53220 53130       0.0623287866
53220 53129       0.0284930337
53220 53228        0.051793391
53220 53227       0.0593587824
53220 53219       0.0307623258
53220 53208       0.0834973045
53220 53214       0.0618520725
53220 53213       0.0849128372
53220 53226       0.0994772607
53221 53172       0.0917036098
53221 53154        0.086019986
53221 53110       0.0801394092
53221 53235        0.071431064
53221 53205       0.0989221121
53221 53202        0.101984038
53221 53233       0.0827019077
53221 53203       0.0879964651
53221 53204       0.0655516902
53221 53215        0.044076815
53221 53207       0.0457713532
53221 53132       0.0961338736
53221 53129       0.0594929895
53221 53228        0.100564177
53221 53220       0.0491827164
53221 53219       0.0638485017
53221 53208       0.0925531651
53221 53214        0.099537952
53228 53151       0.0557288394
53228 53122       0.0926685464
53228 53221        0.100564177
53228 53215         0.10205047
53228 53132       0.0872911187
53228 53130       0.0261798236
53228 53129       0.0514515955
53228 53220        0.051793391
53228 53227       0.0288832076
53228 53219       0.0587266422
53228 53214       0.0602761064
53228 53213       0.0927375017
53228 53226       0.0842204122
53149 53153        0.088537626
53149 53189        0.100078302
53110 53172        0.034657404
53110 53154        0.075714473
53110 53221       0.0801394092
53110 53235        0.026478543
53110 53204       0.0949373424
53110 53215       0.0977589778
53110 53207       0.0459405133
53153 53149        0.088537626
53153 53119       0.0969473937
53153 53118       0.0959330325
53153 53183       0.0670074851
53129 53221       0.0594929895
53129 53215       0.0813144278
53129 53132       0.0531735751
53129 53130       0.0486318441
53129 53228       0.0514515955
53129 53220       0.0284930337
53129 53227       0.0711604229
53129 53219       0.0583637251
53129 53214       0.0848584384
53130 53150       0.0963682288
53130 53151       0.0591739243
53130 53132       0.0674916953
53130 53129       0.0486318441
53130 53228       0.0261798236
53130 53220       0.0623287866
53130 53227       0.0548047545
53130 53219       0.0788190089
53130 53214       0.0860211663
53119 53153       0.0969473937
53119 53118       0.0849113625
53150 53103       0.0882293252
53150 53146       0.0956174892
53150 53151       0.0949378921
53150 53130       0.0963682288
53132 53221       0.0961338736
53132 53130       0.0674916953
53132 53129       0.0531735751
53132 53228       0.0872911187
53132 53220       0.0814981986
53154 53172       0.0494476359
53154 53110        0.075714473
53154 53221        0.086019986
53154 53235       0.0944949839
53154 53207       0.0925533861
53172 53154       0.0494476359
53172 53110        0.034657404
53172 53221       0.0917036098
53172 53235       0.0601961242
53172 53207       0.0723578719
53103 53150       0.0882293252
53103 53189       0.0990092429
